1 0.03946475 0.9999966 0.9998842 0.6321006
0.8130844 0.03946475 0.9999966 0.1741907 0.8130844
0.3963491 0.8130844 0.8130844 0.9910234 0.8130844
0.9994359 0.03946475 0.9994359 0.1741907 0.1741907
0.9999966 0.9710925 0.3963491 0.8130844 0.9999966
0.9975895 0.3963491 0.03946475 0.9910234 0.8130844
0.9910234 0.9999995 0.9710925 0.999979 0.3963491
0.9202097 0.9994359 0.9202097 0.9999995 0.9910234
0.3963491 0.8130844 0.9999966 0.9998842 0.03946475
0.1741907 0.03946475 0.9710925 0.9975895 0.03946475
0.9975895 0.9910234 0.3963491 0.6321006 0.1741907
0.9994359 0.3963491 0.6321006 0.3963491 0.8130844
0.8130844 0.9910234 0.6321006 0.9710925 0.03946475
0.9975895 0.1741907 0.1741907 0.9998842 0.9202097
0.3963491 0.6321006 0.9994359 0.9910234 0.1741907
0.03946475 0.6321006 0.6321006 0.8130844 0.9975895
0.9202097 0.9994359 0.1741907 0.3963491 0.9202097
0.9202097 0.9994359 0.6321006 0.1741907 0.9202097
0.9998842 0.9910234 0.03946475 0.3963491 0.03946475
0.6321006 0.6321006 0.1741907 0.1741907 0.1741907
0.03946475 0.03946475 0.03946475 0.03946475 0.03946475
0.03946475 0.03946475 0.1741907 0.1741907 0.03946475
0.03946475 0.03946475 0.03946475 0.03946475 0.1741907
0.1741907 0.03946475 0.03946475 0.03946475 0.1741907
0.03946475 0.03946475 0.03946475 0.03946475 0.03946475
0.03946475 0.03946475 0.03946475 0.1741907 0.03946475
0.03946475 0.1741907 0.03946475 0.1741907 0.1741907
0.1741907 0.1741907 0.1741907 0.03946475 0.1741907
0.03946475 0.03946475 0.03946475 0.1741907 1
0.9202097 0.1741907 0.1741907 0.9710925 0.03946475
0.8130844 0.3963491 0.6321006 0.6321006 0.9710925
0.3963491 0.9910234 0.03946475 0.9975895 0.03946475
0.6321006 0.9910234 0.6321006 0.3963491 0.9202097
0.9975895 0.9710925 0.3963491 0.03946475 0.8130844
0.6321006 0.6321006 0.9994359 0.9202097 0.9994359
0.3963491 0.1741907 0.9910234 0.1741907 0.999979
0.9994359 0.3963491 0.9202097 0.9994359 0.9710925
0.1741907 0.1741907 0.03946475 0.6321006 0.9710925
0.6321006 0.1741907 0.1741907 0.9202097 0.03946475
0.6321006 0.3963491 0.9202097 0.3963491 0.9710925
0.3963491 0.9710925 0.03946475 0.9710925 0.03946475
0.6321006 0.9910234 0.9202097 0.1741907 0.9202097
0.9910234 0.9202097 0.1741907 0.03946475 0.9202097
0.6321006 0.8130844 0.9994359 0.9202097 0.9994359
0.6321006 0.1741907 0.9910234 0.3963491 0.9975895
0.9710925 0.3963491 0.9202097 0.9975895 0.9202097
0.1741907 0.1741907 0.03946475 0.8130844 0.9202097
0.1741907 0.3963491 0.1741907 0.03946475 0.1741907
0.03946475 0.3963491 0.3963491 0.6321006 0.1741907
0.9202097 0.03946475 0.8130844 0.03946475 0.3963491
0.3963491 0.3963491 0.3963491 0.1741907 0.8130844
0.3963491 0.1741907 0.03946475 0.6321006 0.1741907
0.03946475 0.9202097 0.3963491 0.9202097 0.03946475
0.03946475 0.8130844 0.1741907 0.9975895 0.9202097
0.3963491 0.6321006 0.9910234 0.6321006 0.1741907
0.03946475 0.03946475 0.1741907 0.9202097 0.1741907
0.8130844 0.03946475 0.1741907 0.03946475 0.6321006
0.6321006 0.1741907 0.9202097 0.6321006 0.03946475
0.3963491 0.03946475 0.03946475 0.6321006 0.3963491
0.1741907 0.1741907 0.6321006 0.1741907 0.1741907
0.03946475 0.3963491 0.03946475 0.8130844 0.9202097
0.3963491 0.6321006 0.3963491 0.03946475 0.3963491
0.1741907 0.6321006 0.1741907 0.1741907 0.03946475
0.8130844 0.8130844 0.03946475 0.1741907 0.03946475
0.1741907 0.1741907 0.1741907 0.03946475 0.03946475
0.03946475 0.6321006 0.1741907 0.3963491 0.1741907
0.6321006 0.03946475 0.3963491 0.03946475 0.03946475
0.1741907 0.1741907 0.3963491 0.1741907 0.1741907
0.3963491 0.03946475 0.03946475 0.1741907 0.03946475
0.03946475 0.3963491 0.1741907 0.03946475 0.03946475
0.03946475 0.1741907 0.03946475 0.6321006 0.1741907
0.1741907 0.3963491 0.6321006 0.3963491 0.03946475
0.1741907 0.03946475 0.03946475 0.1741907 0.1741907
0.8130844 0.1741907 0.9910234 0.9202097 0.9710925
0.9710925 0.9998842 0.03946475 0.9994359 0.03946475
0.03946475 0.9994359 0.9710925 0.3963491 0.1741907
0.9999966 0.9910234 0.03946475 0.03946475 0.9202097
0.6321006 0.9910234 0.9999995 0.9998842 0.9999966
0.3963491 0.9202097 0.9910234 0.9710925 0.9975895
0.9910234 0.3963491 0.6321006 0.999979 0.999979
0.03946475 0.3963491 0.03946475 0.9910234 0.9202097
0.03946475 0.03946475 0.03946475 0.3963491 0.1741907
0.03946475 0.1741907 0.03946475 0.1741907 0.03946475
0.03946475 0.3963491 0.1741907 0.03946475 0.1741907
0.1741907 0.03946475 0.03946475 0.03946475 0.03946475
0.03946475 0.03946475 0.03946475 0.1741907 0.1741907
0.03946475 0.03946475 0.1741907 0.1741907 0.03946475
0.03946475 0.03946475 0.3963491 0.03946475 0.1741907
0.03946475 0.03946475 0.03946475 0.1741907 0.03946475
0.03946475 0.1741907 0.1741907 0.8130844 0.1741907
0.6321006 0.03946475 0.8130844 0.03946475 0.03946475
0.6321006 0.3963491 0.03946475 0.03946475 0.6321006
0.3963491 0.03946475 0.03946475 0.03946475 0.3963491
0.6321006 0.6321006 0.3963491 0.6321006 0.03946475
0.03946475 0.3963491 0.1741907 0.6321006 0.6321006
0.03946475 0.03946475 0.8130844 0.8130844 0.03946475
0.03946475 0.03946475 0.3963491 0.1741907 0.03946475
0.03946475 0.1741907 0.03946475 0.1741907 0.03946475
0.3963491 0.03946475 0.1741907 0.3963491 0.1741907
0.03946475 0.3963491 0.3963491 0.1741907 0.03946475
0.03946475 0.1741907 0.03946475 0.03946475 0.1741907
0.3963491 0.3963491 0.03946475 0.03946475 0.3963491
0.1741907 0.3963491 0.1741907 0.03946475 0.1741907
0.03946475 0.03946475 0.03946475 0.03946475 0.03946475
0.1741907 0.03946475 0.6321006 0.8130844 0.6321006
0.9710925 0.03946475 0.6321006 0.03946475 0.1741907
0.8130844 0.6321006 0.6321006 0.1741907 0.9202097
0.6321006 0.03946475 0.03946475 0.8130844 0.1741907
0.6321006 0.9710925 0.8130844 0.8130844 0.1741907
0.3963491 0.8130844 0.1741907 0.6321006 0.6321006
0.3963491 0.6321006 0.9910234 0.9710925 0.03946475
0.3963491 0.03946475 0.8130844 0.3963491 0.8130844
0.9710925 0.9202097 0.03946475 0.6321006 0.1741907
0.1741907 0.9910234 0.8130844 0.1741907 0.1741907
0.9910234 0.9202097 0.03946475 0.03946475 0.6321006
0.3963491 0.3963491 0.6321006 0.3963491 0.9710925
0.03946475 0.3963491 0.9994359 0.3963491 0.8130844
0.8130844 0.9202097 0.9710925 0.9910234 0.9202097
0.1741907 0.03946475 0.03946475 0.8130844 0.8130844
0.3963491 0.9975895 0.03946475 0.9910234 0.1741907
0.3963491 0.9994359 0.8130844 0.3963491 0.1741907
0.9994359 0.9910234 0.03946475 0.03946475 0.9202097
0.6321006 0.6321006 0.9710925 0.9202097 0.9975895
0.1741907 0.3963491 0.9975895 0.6321006 0.9994359
0.8130844 0.8130844 0.9202097 0.9998842 0.9994359
0.1741907 0.1741907 0.03946475 0.9202097 0.9710925
0.9202097 0.03946475 0.3963491 0.1741907 0.03946475
0.6321006 0.8130844 0.1741907 0.1741907 0.9710925
0.6321006 0.1741907 0.03946475 0.6321006 0.6321006
0.9202097 0.9910234 0.6321006 0.9910234 0.6321006
0.3963491 0.9710925 0.3963491 0.8130844 0.6321006
0.8130844 0.3963491 0.9710925 0.9202097 0.03946475
0.1741907 0.03946475 0.9202097 0.6321006 0.03946475
0.9975895 0.1741907 0.1741907 0.9994359 0.9202097
0.6321006 0.3963491 0.9998842 0.9910234 0.03946475
0.03946475 0.9910234 0.8130844 0.9710925 0.9999995
0.9975895 0.999979 0.3963491 0.9202097 0.9994359
0.3963491 0.999979 0.9910234 0.6321006 0.9710925
0.9998842 0.9994359 0.03946475 0.3963491 0.03946475
0.9202097 0.9910234 0.03946475 0.03946475 0.03946475
0.03946475 0.03946475 0.03946475 0.03946475 0.03946475
0.03946475 0.03946475 0.03946475 0.03946475 0.03946475
0.03946475 0.03946475 0.03946475 0.03946475 0.03946475
0.03946475 0.03946475 0.03946475 0.03946475 0.03946475
0.03946475 0.03946475 0.03946475 0.03946475 0.03946475
0.03946475 0.03946475 0.03946475 0.03946475 0.03946475
0.3963491 0.9975895 0.6321006 0.6321006 0.6321006
0.9998842 0.9910234 0.1741907 0.03946475 0.8130844
0.6321006 0.6321006 0.9910234 0.9910234 0.9710925
0.03946475 0.1741907 0.9975895 0.9710925 0.9998842
0.9710925 0.03946475 0.9202097 0.9998842 0.9975895
0.03946475 0.1741907 0.03946475 0.8130844 0.8130844
0.03946475 0.1741907 0.03946475 0.03946475 0.03946475
0.1741907 0.1741907 0.03946475 0.03946475 0.1741907
0.03946475 0.03946475 0.03946475 0.03946475 0.1741907
0.03946475 0.1741907 0.1741907 0.03946475 0.1741907
0.03946475 0.03946475 0.1741907 0.1741907 0.03946475
0.03946475 0.03946475 0.03946475 0.1741907 0.1741907
0.3963491 0.03946475 0.1741907 0.1741907 0.6321006
0.1741907 0.03946475 0.03946475 0.3963491 0.03946475
0.03946475 0.1741907 0.1741907 0.6321006 0.03946475
0.03946475 0.6321006 0.1741907 0.6321006 0.3963491
0.1741907 0.3963491 0.3963491 0.1741907 0.1741907
0.03946475 0.03946475 0.3963491 0.3963491 0.6321006
0.1741907 0.6321006 1 0.9710925 0.03946475
0.03946475 0.9202097 0.6321006 0.9910234 0.9910234
0.9202097 0.999979 0.3963491 0.3963491 0.999979
0.6321006 0.9975895 0.9910234 0.6321006 0.9975895
0.9999966 0.9975895 0.1741907 0.1741907 0.03946475
0.9710925 0.9710925 0.1741907 0.1741907 0.9202097
0.8130844 0.03946475 0.03946475 0.8130844 0.6321006
0.6321006 0.9994359 0.9202097 0.9910234 0.1741907
0.3963491 0.9910234 0.9710925 0.9710925 0.8130844
0.8130844 0.3963491 0.8130844 0.9710925 0.03946475
0.03946475 0.03946475 0.9202097 0.6321006 0.03946475
0.3963491 0.3963491 0.1741907 0.03946475 0.03946475
0.03946475 0.03946475 0.6321006 0.3963491 0.03946475
0.03946475 0.1741907 0.1741907 0.03946475 0.8130844
0.3963491 0.1741907 0.1741907 0.8130844 0.6321006
0.03946475 0.1741907 0.03946475 0.1741907 0.3963491
0.6321006 0.6321006 0.3963491 0.03946475 0.3963491
0.03946475 0.03946475 0.6321006 0.8130844 0.6321006
0.1741907 0.03946475 0.3963491 0.1741907 0.8130844
0.6321006 0.03946475 0.6321006 0.3963491 0.03946475
0.03946475 0.1741907 0.03946475 0.3963491 0.03946475
0.9710925 0.3963491 0.03946475 0.9975895 0.8130844
0.9910234 0.9994359 0.9994359 0.9999995 0.6321006
0.6321006 0.9999999 0.9710925 0.9999966 0.9994359
0.8130844 0.9975895 0.9999995 0.999979 0.1741907
0.3963491 0.03946475 0.999979 0.9910234 0.1741907
0.03946475 0.9710925 0.6321006 0.1741907 0.9975895
0.9710925 0.9710925 0.03946475 0.6321006 0.9202097
0.6321006 0.9994359 0.9202097 0.8130844 0.9202097
0.9998842 0.9202097 0.03946475 0.1741907 0.03946475
0.8130844 0.8130844 0.03946475 0.03946475 0.03946475
0.03946475 0.1741907 0.3963491 0.03946475 0.1741907
0.03946475 0.03946475 0.03946475 0.3963491 0.1741907
0.03946475 0.03946475 0.1741907 0.03946475 0.03946475
0.1741907 0.03946475 0.1741907 0.03946475 0.03946475
0.03946475 0.03946475 0.03946475 0.03946475 0.03946475
0.03946475 0.03946475 0.03946475 0.03946475 0.03946475
0.03946475 0.03946475 0.03946475 0.03946475 0.03946475
0.03946475 0.03946475 0.03946475 0.03946475 0.03946475
0.3963491 0.6321006 0.9975895 0.9202097 0.9975895
0.3963491 0.6321006 0.9910234 0.6321006 0.9975895
0.8130844 0.3963491 0.8130844 0.9975895 0.8130844
0.03946475 0.03946475 0.03946475 0.9910234 0.9710925
0.8130844 0.9710925 0.1741907 0.9202097 0.3963491
0.1741907 0.8130844 0.3963491 0.3963491 0.6321006
0.6321006 0.03946475 0.9202097 0.8130844 0.03946475
0.03946475 0.03946475 0.8130844 0.6321006 0.9975895
0.8130844 0.9975895 0.6321006 0.3963491 0.9202097
0.6321006 0.3963491 0.8130844 0.3963491 0.03946475
0.9910234 0.9910234 0.03946475 0.03946475 0.03946475
0.9202097 0.6321006 0.9998842 0.9999999 0.8130844
0.9202097 0.9910234 0.9710925 0.9999995 0.9994359
0.9202097 0.3963491 0.9999999 0.999979 0.03946475
0.3963491 0.03946475 0.9998842 0.9975895 0.9994359
0.3963491 0.6321006 0.9202097 0.8130844 0.9975895
0.9710925 0.1741907 0.6321006 0.9910234 0.9202097
0.03946475 0.1741907 0.03946475 0.9710925 0.3963491
0.6321006 0.6321006 0.9999966 0.9202097 0.9998842
0.9994359 0.9202097 0.9710925 1 0.9998842
0.1741907 0.03946475 0.03946475 0.9994359 0.9975895
0.03946475 0.1741907 0.03946475 0.3963491 0.03946475
0.1741907 0.03946475 0.3963491 0.1741907 0.03946475
0.1741907 0.03946475 0.3963491 0.3963491 0.6321006
0.3963491 0.6321006 0.3963491 0.1741907 0.1741907
0.6321006 0.3963491 0.03946475 0.1741907 0.03946475
0.8130844 0.8130844 0.9202097 0.9994359 0.9975895
0.9710925 0.9910234 0.9998842 0.9998842 0.1741907
0.03946475 0.03946475 0.9994359 0.9975895 0.9202097
0.3963491 0.3963491 0.1741907 0.8130844 0.9202097
0.03946475 0.03946475 0.03946475 0.9710925 0.3963491
0.9910234 0.8130844 0.9710925 0.9999995 0.9975895
0.1741907 0.3963491 0.03946475 0.9910234 0.9994359
0.8130844 0.6321006 0.9975895 0.9910234 0.1741907
0.03946475 0.03946475 0.9710925 0.8130844 0.3963491
0.9202097 0.8130844 0.1741907 0.03946475 0.03946475
0.8130844 0.6321006 0.9710925 0.8130844 0.1741907
0.1741907 0.03946475 0.3963491 0.8130844 0.999979
0.1741907 0.1741907 0.03946475 0.9994359 0.9998842
0.03946475 0.1741907 0.03946475 0.9910234 0.9202097
0.03946475 0.03946475 0.03946475 0.1741907 0.03946475
0.1741907 0.03946475 0.03946475 0.03946475 0.9202097
